Os valores estarão nessa ordem:
num exec tam tempoAleatorio tempoCrescente tempoDecrescente tempoQuaseOrdenado
	     compAleatorio  compCrescente  compDescrescente compQuaseOrdenado
	   trocasAleatorio trocasCrescente trocasDescrescente trocasQuaseOrdenado


num exec tam tempoAleatorio tempoCrescente tempoDecrescente tempoQuaseOrdenado
	     compAleatorio  compCrescente  compDescrescente compQuaseOrdenado
	   trocasAleatorio trocasCrescente trocasDescrescente trocasQuaseOrdenado
	   
	   
etc...



------------------------------------------------------------------------------------------Tabela 1: Bubble Sort------------------------------------------------------------------------------------------

1 100 0.020800 0.011000 0.019000 0.013200
   161808992 9900 14850 161819231
   35552565 0 0 35552565


2 500 0.415400 0.254000 0.428000 0.298400
   162129534 249500 374250 162386748
   35552565 0 0 35552565


3 1000 1.538400 0.980000 1.607000 1.109000
   163642574 999000 1498500 164674106
   35552565 0 0 35552565


4 5000 39.994000 24.833000 39.610000 27.029200
   195920422 24995000 37492500 221710303
   35552565 0 0 35552565


5 10000 161.520600 93.442000 152.470000 108.923400
   346619801 99990000 149985000 -409189941
   35552565 0 0 35552565





------------------------------------------------------------------------------------Tabela 2: Selection Sort------------------------------------------------------------------------------------

1 100 0.008800 0.008000 0.010000 0.006400
   35558204 4950 4950 35563154
   35520161 0 50 35520232


2 500 0.139000 0.107000 0.116000 0.141200
   35687904 124750 124750 35812654
   35520725 0 250 35521146


3 1000 0.448400 0.417000 0.450000 0.409200
   36312154 499500 499500 36811654
   35522138 0 500 35523048


4 5000 10.087600 9.774000 10.675000 9.936400
   49309154 12497500 12497500 61806654
   35528035 0 2500 35532870


5 10000 39.991400 39.731000 42.011000 39.714800
   111801654 49995000 49995000 161796654
   35542859 0 5000 35552565





---------------------------------------------------------------------------------Tabela 3: Insertion Sort--------------------------------------------------------------------------------

1 100 0.004200 0.001000 0.012000 0.001200
   2537 99 5049 2975
   2439 0 4950 2778


2 500 0.100000 0.002000 0.217000 0.014400
   64277 499 125249 72490
   63581 0 124750 71295


3 1000 0.384600 0.002000 1.051000 0.059600
   330315 999 500499 363846
   328121 0 499500 360653


4 5000 8.892200 0.012000 24.356000 1.181400
   6620161 4999 12502499 7420041
   6611969 0 12497500 7406850


5 10000 33.057000 0.016000 66.863000 4.434000
   32349538 9999 50004999 35553254
   32326348 0 49995000 35520065





------------------------------------------------------------------------------------------Tabela 4: Quick Sort------------------------------------------------------------------------------------------

1 100 0.003000 0.006000 0.010000 0.004200
   363971 4950 4950 365967
   421433 99 99 421565


2 500 0.021000 0.127000 0.135000 0.026000
   370524 124750 124750 383924
   423623 499 499 425040


3 1000 0.047400 0.466000 0.502000 0.067600
   394212 499500 499500 434531
   429813 999 999 432817


4 5000 0.335800 10.822000 11.606000 0.343800
   505217 12497500 12497500 719773
   467749 4999 4999 489880


5 10000 0.906800 47.748000 45.507000 0.696800
   883791 49995000 49995000 1302457
   562343 9999 9999 607927





------------------------------------------------------------------------------------Tabela 5: Merge Sort------------------------------------------------------------------------------------

1 100 0.014400 0.012000 0.012000 0.012600
   542 356 316 987
   672 672 672 1344


2 500 0.086600 0.059000 0.060000 0.066400
   4852 2272 2216 8173
   5832 4488 4488 10320


3 1000 0.219600 0.121000 0.129000 0.139000
   16878 5044 4932 24604
   20296 9976 9976 30272


4 5000 1.011000 0.324000 0.303000 0.289600
   79861 32004 29804 130780
   92080 61808 61808 153888


5 10000 0.966000 0.498000 0.629000 0.592600
   251218 69008 64608 363354
   287504 133616 133616 421120





------------------------------------------------------------------------------------------Tabela 1: Bubble Sort------------------------------------------------------------------------------------------

1 5 0.000600 0.000000 0.001000 0.000400
   1808 20 30 1828
   417 0 0 417


2 10 0.001000 0.001000 0.002000 0.000800
   1939 90 135 2029
   417 0 0 417


3 15 0.001600 0.002000 0.003000 0.001600
   2282 210 315 2496
   417 0 0 417


4 20 0.003400 0.002000 0.004000 0.003000
   2971 380 570 3367
   417 0 0 417


5 25 0.004800 0.004000 0.006000 0.003600
   4112 600 900 4726
   417 0 0 417





------------------------------------------------------------------------------------Tabela 2: Selection Sort------------------------------------------------------------------------------------

1 5 0.000600 0.001000 0.000000 0.001000
   493 10 10 503
   345 0 2 345


2 10 0.000600 0.001000 0.002000 0.000600
   548 45 45 593
   351 0 5 351


3 15 0.001200 0.002000 0.002000 0.001400
   698 105 105 803
   362 0 7 365


4 20 0.002000 0.001000 0.002000 0.002000
   993 190 190 1183
   379 0 10 389


5 25 0.002400 0.002000 0.003000 0.002600
   1483 300 300 1783
   408 0 12 417





---------------------------------------------------------------------------------Tabela 3: Insertion Sort--------------------------------------------------------------------------------

1 5 0.000600 0.000000 0.001000 0.001000
   9 4 14 13
   6 0 10 6


2 10 0.000400 0.000000 0.001000 0.000600
   43 9 54 52
   27 0 45 27


3 15 0.000800 0.000000 0.001000 0.000600
   109 14 119 127
   70 0 105 74


4 20 0.001200 0.000000 0.002000 0.004400
   241 19 209 275
   169 0 190 184


5 25 0.002000 0.001000 0.002000 0.000800
   444 24 324 483
   329 0 300 344





------------------------------------------------------------------------------------------Tabela 4: Quick Sort------------------------------------------------------------------------------------------

1 5 0.000400 0.000000 0.001000 0.000200
   417 10 10 427
   625 4 4 629


2 10 0.000200 0.001000 0.001000 0.001000
   457 45 45 500
   641 9 9 650


3 15 0.001000 0.002000 0.002000 0.001400
   542 105 105 633
   674 14 14 688


4 20 0.001400 0.002000 0.002000 0.002200
   730 190 190 858
   714 19 19 733


5 25 0.001600 0.002000 0.002000 0.002000
   966 300 300 1195
   773 24 24 795





------------------------------------------------------------------------------------Tabela 5: Merge Sort------------------------------------------------------------------------------------

1 5 0.001400 0.001000 0.001000 0.000800
   8 7 5 15
   12 12 12 24


2 10 0.001200 0.002000 0.002000 0.001000
   39 19 15 58
   58 34 34 92


3 15 0.002000 0.003000 0.002000 0.001800
   100 31 28 132
   151 59 59 210


4 20 0.002800 0.002000 0.002000 0.002000
   198 48 40 251
   298 88 88 386


5 25 0.004200 0.005000 0.004000 0.003000
   341 64 54 410
   504 118 118 622





------------------------------------------------------------------------------------------Tabela 1: Bubble Sort------------------------------------------------------------------------------------------

1 4 0.000400 0.001000 0.001000 0.000600
   1602 12 18 1614
   373 0 0 373


2 9 0.001400 0.001000 0.002000 0.001000
   1705 72 108 1778
   373 0 0 373


3 14 0.002400 0.002000 0.003000 0.002000
   1997 182 273 2185
   373 0 0 373


4 19 0.003800 0.003000 0.006000 0.003200
   2602 342 513 2958
   373 0 0 373


5 24 0.005400 0.004000 0.006000 0.004200
   3632 552 828 4204
   373 0 0 373





------------------------------------------------------------------------------------Tabela 2: Selection Sort------------------------------------------------------------------------------------

1 4 0.000800 0.001000 0.001000 0.000400
   433 6 6 439
   299 0 2 299


2 9 0.001400 0.001000 0.002000 0.001200
   475 36 36 511
   306 0 4 307


3 14 0.002200 0.002000 0.003000 0.001800
   602 91 91 693
   318 0 7 322


4 19 0.002400 0.002000 0.003000 0.002600
   864 171 171 1035
   337 0 9 345


5 24 0.003400 0.002000 0.004000 0.003200
   1311 276 276 1587
   361 0 12 373





---------------------------------------------------------------------------------Tabela 3: Insertion Sort--------------------------------------------------------------------------------

1 4 0.000600 0.000000 0.001000 0.000600
   6 3 9 9
   4 0 6 4


2 9 0.000800 0.001000 0.002000 0.000600
   36 8 44 45
   23 0 36 24


3 14 0.001400 0.001000 0.002000 0.000600
   95 13 104 114
   61 0 91 67


4 19 0.001400 0.001000 0.002000 0.001000
   207 18 189 238
   142 0 171 155


5 24 0.002200 0.001000 0.003000 0.001000
   383 23 299 427
   277 0 276 298





------------------------------------------------------------------------------------------Tabela 4: Quick Sort------------------------------------------------------------------------------------------

1 4 0.000800 0.001000 0.002000 0.000600
   376 6 6 382
   572 3 3 575


2 9 0.001000 0.001000 0.002000 0.001000
   401 36 36 434
   584 8 8 591


3 14 0.001600 0.002000 0.002000 0.001800
   471 91 91 544
   612 13 13 626


4 19 0.001600 0.002000 0.003000 0.002000
   601 171 171 723
   653 18 18 671


5 24 0.002200 0.003000 0.004000 0.002800
   818 276 276 1027
   730 23 23 755





------------------------------------------------------------------------------------Tabela 5: Merge Sort------------------------------------------------------------------------------------

1 4 0.001800 0.001000 0.001000 0.000600
   5 4 4 9
   8 8 8 16


2 9 0.001800 0.002000 0.002000 0.001400
   28 16 13 44
   45 29 29 74


3 14 0.002600 0.003000 0.002000 0.002400
   82 29 25 113
   128 54 54 182


4 19 0.003600 0.003000 0.004000 0.003000
   172 45 37 224
   264 82 82 346


5 24 0.004400 0.005000 0.005000 0.004200
   307 60 52 372
   458 112 112 570





------------------------------------------------------------------------------------------Tabela 1: Bubble Sort------------------------------------------------------------------------------------------

1 4 0.000200 0.001000 0.001000 0.000400
   1708 12 12 1720
   347 0 6 347


2 9 0.000600 0.000000 0.001000 0.001000
   1792 72 72 1864
   366 0 36 366


3 14 0.001200 0.001000 0.002000 0.001200
   2046 182 182 2228
   403 0 91 405


4 19 0.002200 0.001000 0.004000 0.002000
   2570 342 342 2912
   480 0 171 486


5 24 0.003800 0.002000 0.004000 0.003200
   3464 552 552 4016
   608 0 276 620





------------------------------------------------------------------------------------Tabela 2: Selection Sort------------------------------------------------------------------------------------

1 4 0.000200 0.001000 0.001000 0.000400
   415 9 9 424
   278 0 2 278


2 9 0.001000 0.001000 0.002000 0.000400
   468 44 44 512
   285 0 4 285


3 14 0.001000 0.001000 0.002000 0.000800
   616 104 104 720
   296 0 7 298


4 19 0.001200 0.001000 0.002000 0.001400
   909 189 189 1098
   313 0 9 319


5 24 0.002000 0.002000 0.002000 0.001600
   1397 299 299 1696
   335 0 12 344





---------------------------------------------------------------------------------Tabela 3: Insertion Sort--------------------------------------------------------------------------------

1 4 0.000600 0.000000 0.001000 0.000400
   6 3 9 9
   4 0 6 4


2 9 0.000200 0.000000 0.001000 0.000400
   36 8 44 44
   23 0 36 23


3 14 0.000800 0.001000 0.001000 0.000400
   94 13 104 109
   60 0 91 62


4 19 0.001000 0.000000 0.002000 0.001000
   202 18 189 226
   137 0 171 143


5 24 0.001000 0.000000 0.001000 0.000800
   371 23 299 406
   265 0 276 277





------------------------------------------------------------------------------------------Tabela 4: Quick Sort------------------------------------------------------------------------------------------

1 4 0.000400 0.001000 0.001000 0.000600
   372 6 6 378
   572 3 3 575


2 9 0.001000 0.000000 0.001000 0.000600
   397 36 36 433
   584 8 8 592


3 14 0.001000 0.001000 0.001000 0.000800
   470 91 91 554
   613 13 13 625


4 19 0.001000 0.001000 0.001000 0.001400
   611 171 171 763
   652 18 18 670


5 24 0.001400 0.001000 0.002000 0.002000
   858 276 276 1057
   729 23 23 751





------------------------------------------------------------------------------------Tabela 5: Merge Sort------------------------------------------------------------------------------------

1 4 0.000400 0.000000 0.001000 0.000400
   5 4 4 9
   8 8 8 16


2 9 0.000800 0.001000 0.002000 0.000800
   28 16 13 44
   45 29 29 74


3 14 0.001200 0.002000 0.002000 0.001200
   82 29 25 112
   128 54 54 182


4 19 0.001600 0.002000 0.002000 0.001600
   171 45 37 221
   264 82 82 346


5 24 0.002200 0.002000 0.002000 0.002000
   304 60 52 368
   458 112 112 570





------------------------------------------------------------------------------------------Tabela 1: Bubble Sort------------------------------------------------------------------------------------------

1 5 0.001600 0.001000 0.001000 0.001000
   1949 20 20 1969
   438 0 10 438


2 10 0.001600 0.001000 0.002000 0.001400
   2059 90 90 2149
   459 0 45 463


3 15 0.002400 0.002000 0.003000 0.002400
   2359 210 210 2569
   506 0 105 511


4 20 0.004000 0.003000 0.005000 0.003200
   2949 380 380 3329
   606 0 190 624


5 25 0.005400 0.004000 0.007000 0.004000
   3929 600 600 4529
   769 0 300 782





------------------------------------------------------------------------------------Tabela 2: Selection Sort------------------------------------------------------------------------------------

1 5 0.000600 0.001000 0.000000 0.000400
   503 14 14 517
   351 0 2 351


2 10 0.001000 0.001000 0.002000 0.001000
   571 54 54 625
   357 0 5 361


3 15 0.001400 0.002000 0.002000 0.001600
   744 119 119 863
   372 0 7 377


4 20 0.001800 0.002000 0.003000 0.002400
   1072 209 209 1281
   391 0 10 402


5 25 0.002800 0.002000 0.002000 0.003000
   1605 324 324 1929
   421 0 12 433





---------------------------------------------------------------------------------Tabela 3: Insertion Sort--------------------------------------------------------------------------------

1 5 0.000600 0.001000 0.001000 0.000000
   9 4 14 13
   6 0 10 6


2 10 0.001000 0.001000 0.002000 0.000600
   43 9 54 55
   27 0 45 30


3 15 0.001000 0.001000 0.002000 0.000600
   112 14 119 132
   73 0 105 79


4 20 0.001600 0.001000 0.003000 0.001000
   246 19 209 283
   174 0 190 192


5 25 0.001600 0.000000 0.002000 0.001000
   452 24 324 489
   337 0 300 350





------------------------------------------------------------------------------------------Tabela 4: Quick Sort------------------------------------------------------------------------------------------

1 5 0.001000 0.001000 0.001000 0.000600
   422 10 10 432
   625 4 4 629


2 10 0.001000 0.001000 0.001000 0.001000
   462 45 45 502
   641 9 9 649


3 15 0.001200 0.001000 0.002000 0.001800
   544 105 105 627
   673 14 14 687


4 20 0.001800 0.001000 0.003000 0.002200
   724 190 190 854
   713 19 19 733


5 25 0.002000 0.002000 0.003000 0.002600
   962 300 300 1198
   773 24 24 796





------------------------------------------------------------------------------------Tabela 5: Merge Sort------------------------------------------------------------------------------------

1 5 0.001600 0.001000 0.001000 0.001000
   8 7 5 15
   12 12 12 24


2 10 0.001600 0.002000 0.002000 0.001400
   39 19 15 59
   58 34 34 92


3 15 0.002400 0.003000 0.003000 0.002200
   101 31 28 136
   151 59 59 210


4 20 0.002800 0.003000 0.003000 0.003000
   202 48 40 257
   298 88 88 386


5 25 0.003600 0.004000 0.004000 0.003000
   347 64 54 415
   504 118 118 622


